 icrys=  1 alat= 7.93685 ncmp=  1 nspn=  1
 at. # =     79
 conc  = 1.0000
   #              energy(ryd)  press(mbar)   rmsrh
  50             -35720.76678     0.31475   0.99E-09
  49             -35720.76678     0.31475   0.11E-08                            
  48             -35720.76678     0.31475   0.16E-08                            
  47             -35720.76678     0.31475   0.20E-08                            
  46             -35720.76678     0.31475   0.24E-08                            
  45             -35720.76678     0.31475   0.48E-08                            
  44             -35720.76678     0.31475   0.57E-08                            
  43             -35720.76678     0.31475   0.87E-08                            
  42             -35720.76678     0.31475   0.11E-07                            
  41             -35720.76678     0.31475   0.13E-07                            
  40             -35720.76678     0.31475   0.18E-07                            
  39             -35720.76678     0.31475   0.22E-07                            
  38             -35720.76678     0.31475   0.25E-07                            
  37             -35720.76678     0.31475   0.49E-07                            
  36             -35720.76678     0.31475   0.55E-07                            
  35             -35720.76678     0.31475   0.90E-07                            
  34             -35720.76678     0.31475   0.11E-06                            
  33             -35720.76678     0.31475   0.13E-06                            
  32             -35720.76678     0.31475   0.20E-06                            
  31             -35720.76678     0.31475   0.24E-06                            
  30             -35720.76678     0.31475   0.29E-06                            
  29             -35720.76678     0.31477   0.49E-06                            
  28             -35720.76678     0.31478   0.57E-06                            
  27             -35720.76678     0.31477   0.10E-05                            
  26             -35720.76678     0.31476   0.12E-05                            
  25             -35720.76678     0.31477   0.15E-05                            
  24             -35720.76678     0.31485   0.25E-05                            
  23             -35720.76678     0.31481   0.31E-05                            
  22             -35720.76678     0.31471   0.37E-05                            
  21             -35720.76677     0.31445   0.71E-05                            
  20             -35720.76677     0.31442   0.81E-05                            
  19             -35720.76677     0.31442   0.14E-04                            
  18             -35720.76677     0.31376   0.18E-04                            
  17             -35720.76678     0.31300   0.24E-04                            
  16             -35720.76678     0.31320   0.49E-04                            
  15             -35720.76679     0.31476   0.60E-04                            
  14             -35720.76679     0.31661   0.73E-04                            
  13             -35720.76684     0.31592   0.14E-03                            
  12             -35720.76684     0.31646   0.16E-03                            
  11             -35720.76683     0.33317   0.28E-03                            
  10             -35720.76690     0.37433   0.56E-03                            
   9             -35720.76694     0.39119   0.81E-03                            
   8             -35720.76679     0.31151   0.21E-02                            
   7             -35720.76752     0.30702   0.30E-02                            
   6             -35720.76790     0.31994   0.35E-02                            
   5             -35720.76892     0.63532   0.21E-01                            
   4             -35720.76946     3.22026   0.25E-01                            
   3             -35720.79787    -0.91969   0.13E+00                            
   2             -35720.77331     3.08637   0.16E+00                            
   1             -35720.75097     4.68435   0.18E+00                            
