Source Code Version           : : v1.1.6                                        
System Description            : D, Default structure                            
Number of Atoms in Unit Cell  : 1                                               
Number of Atomic Species      : 1                                               
Number of Atoms in Each Type  : 1(CPA)                                          
Unit Cell Volume (au^3)       : 0.16288839D+03                                  
Average Atomic Volume (au^3)  : 162.88839                                       
Energy Offset                 : -22802                                          
=======================================================================================
    Iter     Energy      3PV     Efermi   Rms_rho    Rms_pot   Mix  Alg  Alpha 
---------------------------------------------------------------------------------------
**       1  -0.532776  50.24445  0.47063  0.719E-03  0.298E-01  pot  B   0.1000
         2  -0.335826  45.95030  0.30395  0.907E-03  0.473E-01  pot  B   0.1000
         3   0.243434  40.75216  0.37590  0.155E-02  0.164E+00  pot  B   0.1000
         4  -0.072604  38.91170  0.39957  0.172E-02  0.847E-01  pot  B   0.1000
         5   0.211431  43.11168  0.31982  0.206E-02  0.202E+00  pot  B   0.1000
         6   1.029076  38.03712  0.38846  0.119E-02  0.294E+00  pot  B   0.1000
         7   1.400807  35.29414  0.42667  0.444E-03  0.329E+00  pot  B   0.1000
         8   2.553354  29.58305  0.50241  0.117E-02  0.405E+00  pot  B   0.1000
         9   2.137684  30.85814  0.48759  0.377E-03  0.380E+00  pot  B   0.1000
        10   2.225703  30.18157  0.49691  0.116E-03  0.384E+00  pot  B   0.1000
        11   2.229286  30.09080  0.49767  0.103E-04  0.384E+00  pot  B   0.1000
        12   1.020442  32.48627  0.39985  0.118E-02  0.278E+00  pot  B   0.1000
        13   1.009029  34.52232  0.40685  0.254E-03  0.285E+00  pot  B   0.1000
        14   0.333864  37.28314  0.33360  0.910E-03  0.207E+00  pot  B   0.1000
        15   0.276270  36.04637  0.34637  0.156E-03  0.191E+00  pot  B   0.1000
        16  -0.204243  49.83770  0.34137  0.267E-02  0.295E-01  pot  B   0.1000
        17  -0.190590  50.66218  0.33637  0.207E-03  0.449E-01  pot  B   0.1000
        18  -0.177158  51.42702  0.33137  0.136E-03  0.548E-01  pot  B   0.1000
        19  -0.454916  44.78528  0.20316  0.903E-03  0.195E-01  pot  B   0.1000
        20  -0.372627  41.44169  0.22910  0.965E-03  0.568E-01  pot  B   0.1000
        21  -0.456970  45.51121  0.16511  0.819E-03  0.165E-02  pot  B   0.1000
        22  -0.080935  38.76738  0.25496  0.180E-02  0.134E+00  pot  B   0.1000
        23  -0.218718  54.51418  0.24996  0.271E-02  0.633E-01  pot  B   0.1000
        24  -0.429014  44.25024  0.20035  0.152E-02  0.385E-01  pot  B   0.1000
        25  -0.432710  44.51004  0.20345  0.366E-04  0.374E-01  pot  B   0.1000
        26  -0.443037  44.81535  0.19570  0.979E-04  0.291E-01  pot  B   0.1000
        27  -0.452574  45.38926  0.18676  0.104E-03  0.216E-01  pot  B   0.1000
        28  -0.460272  45.98431  0.17935  0.111E-03  0.136E-01  pot  B   0.1000
        29  -0.461005  45.96506  0.17826  0.292E-04  0.104E-01  pot  B   0.1000
        30  -0.464306  46.44172  0.16931  0.130E-03  0.812E-03  pot  B   0.1000
        31  -0.465491  46.95948  0.16431  0.778E-04  0.603E-02  pot  B   0.1000
        32  -0.464949  46.70800  0.16931  0.697E-04  0.567E-03  pot  B   0.1000
        33  -0.464817  46.66442  0.17032  0.163E-04  0.854E-03  pot  B   0.1000
        34  -0.464988  46.70468  0.16924  0.170E-04  0.731E-03  pot  B   0.1000
        35  -0.464900  46.86092  0.16431  0.763E-04  0.732E-02  pot  B   0.1000
        36  -0.464892  46.82844  0.16560  0.101E-04  0.653E-02  pot  B   0.1000
        37  -0.464963  46.87986  0.16485  0.906E-05  0.723E-02  pot  B   0.1000
        38  -0.464969  46.87571  0.16494  0.143E-05  0.714E-02  pot  B   0.1000
        39  -0.465027  46.83040  0.16566  0.120E-04  0.613E-02  pot  B   0.1000
        40  -0.465014  46.81256  0.16589  0.376E-05  0.585E-02  pot  B   0.1000
        41  -0.464978  46.81112  0.16590  0.951E-06  0.591E-02  pot  B   0.1000
        42  -0.464975  46.82500  0.16568  0.361E-05  0.621E-02  pot  B   0.1000
        43  -0.464990  46.74412  0.16714  0.239E-04  0.419E-02  pot  B   0.1000
        44  -0.464760  46.61680  0.16926  0.352E-04  0.124E-02  pot  B   0.1000
        45  -0.464614  46.57120  0.17003  0.141E-04  0.124E-03  pot  B   0.1000
        46  -0.464588  46.56862  0.17004  0.114E-05  0.134E-03  pot  B   0.1000
        47  -0.464555  46.55875  0.17021  0.303E-05  0.122E-03  pot  B   0.1000
        48  -0.464558  46.56225  0.17017  0.947E-06  0.637E-04  pot  B   0.1000
        49  -0.464569  46.56624  0.17012  0.982E-06  0.175E-04  pot  B   0.1000
        50  -0.464564  46.56498  0.17014  0.231E-06  0.161E-05  pot  B   0.1000
        51  -0.464564  46.56471  0.17014  0.297E-07  0.466E-06  pot  B   0.1000
        52  -0.464565  46.56469  0.17013  0.367E-07  0.203E-05  pot  B   0.1000
        53  -0.464561  46.56392  0.17015  0.169E-06  0.109E-04  pot  B   0.1000
        54  -0.464563  46.56429  0.17014  0.892E-07  0.378E-05  pot  B   0.1000
        55  -0.464564  46.56456  0.17014  0.584E-07  0.967E-06  pot  B   0.1000
        56  -0.464564  46.56456  0.17014  0.677E-08  0.373E-06  pot  B   0.1000
        57  -0.464564  46.56454  0.17014  0.514E-08  0.507E-07  pot  B   0.1000
        58  -0.464564  46.56455  0.17014  0.102E-08  0.147E-07  pot  B   0.1000
