 icrys=  1 alat= 7.93685 ncmp=  1 nspn=  1
 at. # =     46
 conc  = 1.0000
   #              energy(ryd)  press(mbar)   rmsrh
  50              -9870.57911    -0.03786   0.12E-10
  49              -9870.57911    -0.03786   0.15E-10                            
  48              -9870.57911    -0.03786   0.18E-10                            
  47              -9870.57911    -0.03786   0.30E-10                            
  46              -9870.57911    -0.03786   0.35E-10                            
  45              -9870.57911    -0.03786   0.84E-10                            
  44              -9870.57911    -0.03786   0.12E-09                            
  43              -9870.57911    -0.03786   0.13E-09                            
  42              -9870.57911    -0.03786   0.24E-09                            
  41              -9870.57911    -0.03786   0.27E-09                            
  40              -9870.57911    -0.03786   0.31E-09                            
  39              -9870.57911    -0.03786   0.38E-09                            
  38              -9870.57911    -0.03786   0.50E-09                            
  37              -9870.57911    -0.03786   0.57E-09                            
  36              -9870.57911    -0.03786   0.17E-08                            
  35              -9870.57911    -0.03786   0.20E-08                            
  34              -9870.57911    -0.03786   0.45E-08                            
  33              -9870.57911    -0.03786   0.56E-08                            
  32              -9870.57911    -0.03786   0.87E-08                            
  31              -9870.57911    -0.03786   0.23E-07                            
  30              -9870.57911    -0.03786   0.32E-07                            
  29              -9870.57911    -0.03786   0.37E-07                            
  28              -9870.57911    -0.03787   0.15E-06                            
  27              -9870.57911    -0.03787   0.18E-06                            
  26              -9870.57911    -0.03786   0.30E-06                            
  25              -9870.57911    -0.03786   0.69E-06                            
  24              -9870.57911    -0.03786   0.78E-06                            
  23              -9870.57911    -0.03789   0.13E-05                            
  22              -9870.57911    -0.03784   0.19E-05                            
  21              -9870.57911    -0.03778   0.27E-05                            
  20              -9870.57910    -0.03779   0.15E-04                            
  19              -9870.57911    -0.03787   0.18E-04                            
  18              -9870.57911    -0.03794   0.24E-04                            
  17              -9870.57912    -0.03653   0.36E-04                            
  16              -9870.57912    -0.03634   0.40E-04                            
  15              -9870.57912    -0.03695   0.55E-04                            
  14              -9870.57916    -0.03852   0.13E-03                            
  13              -9870.57917    -0.03855   0.14E-03                            
  12              -9870.57913    -0.01792   0.61E-03                            
  11              -9870.57909    -0.02369   0.77E-03                            
  10              -9870.57902    -0.04268   0.95E-03                            
   9              -9870.57895    -0.05354   0.12E-02                            
   8              -9870.57963    -0.06928   0.19E-02                            
   7              -9870.57969    -0.04196   0.29E-02                            
   6              -9870.58168    -0.23214   0.16E-01                            
   5              -9870.58647     0.23468   0.21E-01                            
   4              -9870.57110     2.32715   0.53E-01                            
   3              -9870.59934     0.12767   0.13E+00                            
   2              -9870.47681     4.04650   0.16E+00                            
   1              -9870.32456     6.84562   0.22E+00                            
