 icrys=  1 alat= 7.65339 ncmp=  1 nspn=  1
 at. # =     13
 conc  = 1.0000
   #              energy(ryd)  press(mbar)   rmsrh
  50               -482.74206     0.28879   0.15E-13
  49               -482.74206     0.28879   0.21E-13                            
  48               -482.74206     0.28879   0.22E-13                            
  47               -482.74206     0.28879   0.28E-13                            
  46               -482.74206     0.28879   0.29E-13                            
  45               -482.74206     0.28879   0.33E-13                            
  44               -482.74206     0.28879   0.38E-13                            
  43               -482.74206     0.28879   0.46E-13                            
  42               -482.74206     0.28879   0.61E-13                            
  41               -482.74206     0.28879   0.10E-12                            
  40               -482.74206     0.28879   0.12E-12                            
  39               -482.74206     0.28879   0.15E-12                            
  38               -482.74206     0.28879   0.18E-12                            
  37               -482.74206     0.28879   0.52E-12                            
  36               -482.74206     0.28879   0.77E-12                            
  35               -482.74206     0.28879   0.89E-12                            
  34               -482.74206     0.28879   0.17E-11                            
  33               -482.74206     0.28879   0.19E-11                            
  32               -482.74206     0.28879   0.15E-10                            
  31               -482.74206     0.28879   0.18E-10                            
  30               -482.74206     0.28879   0.57E-10                            
  29               -482.74206     0.28879   0.66E-10                            
  28               -482.74206     0.28879   0.80E-10                            
  27               -482.74206     0.28879   0.94E-10                            
  26               -482.74206     0.28879   0.20E-09                            
  25               -482.74206     0.28879   0.24E-09                            
  24               -482.74206     0.28879   0.18E-08                            
  23               -482.74206     0.28879   0.20E-08                            
  22               -482.74206     0.28879   0.36E-08                            
  21               -482.74206     0.28879   0.43E-08                            
  20               -482.74206     0.28879   0.55E-08                            
  19               -482.74206     0.28879   0.62E-08                            
  18               -482.74206     0.28879   0.27E-07                            
  17               -482.74206     0.28879   0.30E-07                            
  16               -482.74206     0.28879   0.14E-06                            
  15               -482.74206     0.28879   0.17E-06                            
  14               -482.74206     0.28879   0.22E-06                            
  13               -482.74206     0.28879   0.28E-06                            
  12               -482.74206     0.28878   0.15E-05                            
  11               -482.74206     0.28877   0.17E-05                            
  10               -482.74206     0.28974   0.58E-04                            
   9               -482.74206     0.28985   0.69E-04                            
   8               -482.74208     0.28924   0.12E-03                            
   7               -482.74206     0.28920   0.16E-03                            
   6               -482.74271     0.30352   0.19E-02                            
   5               -482.74242     0.30817   0.29E-02                            
   4               -482.74450     0.18405   0.77E-02                            
   3               -482.74931     0.14888   0.99E-02                            
   2               -482.79812     0.40810   0.20E+00                            
   1               -482.80365     0.44540   0.23E+00                            
