 icrys=  2 alat= 5.46131 ncmp=  1 nspn=  1
 at. # =     13
 conc  = 1.0000
   #              energy(ryd)  press(mbar)   rmsrh
  50               -482.69385     0.86732   0.33E-08
  49               -482.69385     0.86732   0.37E-08                            
  48               -482.69385     0.86731   0.60E-08                            
  47               -482.69385     0.86731   0.69E-08                            
  46               -482.69385     0.86732   0.82E-08                            
  45               -482.69385     0.86732   0.11E-07                            
  44               -482.69385     0.86732   0.13E-07                            
  43               -482.69385     0.86732   0.16E-07                            
  42               -482.69385     0.86732   0.21E-07                            
  41               -482.69385     0.86732   0.24E-07                            
  40               -482.69385     0.86732   0.45E-07                            
  39               -482.69385     0.86732   0.52E-07                            
  38               -482.69385     0.86731   0.67E-07                            
  37               -482.69385     0.86731   0.83E-07                            
  36               -482.69385     0.86731   0.95E-07                            
  35               -482.69385     0.86731   0.12E-06                            
  34               -482.69385     0.86731   0.14E-06                            
  33               -482.69385     0.86731   0.17E-06                            
  32               -482.69385     0.86731   0.30E-06                            
  31               -482.69385     0.86732   0.35E-06                            
  30               -482.69385     0.86731   0.49E-06                            
  29               -482.69385     0.86731   0.60E-06                            
  28               -482.69385     0.86731   0.72E-06                            
  27               -482.69385     0.86732   0.95E-06                            
  26               -482.69385     0.86733   0.11E-05                            
  25               -482.69385     0.86732   0.13E-05                            
  24               -482.69385     0.86731   0.20E-05                            
  23               -482.69385     0.86732   0.23E-05                            
  22               -482.69385     0.86737   0.33E-05                            
  21               -482.69385     0.86737   0.42E-05                            
  20               -482.69385     0.86735   0.51E-05                            
  19               -482.69385     0.86730   0.71E-05                            
  18               -482.69385     0.86733   0.83E-05                            
  17               -482.69385     0.86738   0.10E-04                            
  16               -482.69385     0.86724   0.15E-04                            
  15               -482.69386     0.86716   0.16E-04                            
  14               -482.69385     0.86694   0.26E-04                            
  13               -482.69385     0.86703   0.30E-04                            
  12               -482.69386     0.86715   0.36E-04                            
  11               -482.69386     0.86675   0.48E-04                            
  10               -482.69386     0.86650   0.55E-04                            
   9               -482.69385     0.86652   0.72E-04                            
   8               -482.69385     0.86783   0.10E-03                            
   7               -482.69385     0.86823   0.12E-03                            
   6               -482.69386     0.86736   0.19E-03                            
   5               -482.69466     0.86845   0.26E-02                            
   4               -482.69554     0.80160   0.44E-02                            
   3               -482.69916     0.54073   0.13E-01                            
   2               -482.74590     1.22109   0.26E+00                            
   1               -482.76047     1.29804   0.29E+00                            
