Source Code Version           : : v1.1.6                                        
System Description            : D, Default structure                            
Number of Atoms in Unit Cell  : 2                                               
Number of Atomic Species      : 2                                               
Number of Atoms in Each Type  : 1(Al), 1(Ni)                                    
Unit Cell Volume (au^3)       : 0.16288839D+03                                  
Average Atomic Volume (au^3)  : 81.44419                                        
Energy Offset                 : -1748                                           
=======================================================================================
    Iter     Energy      3PV     Efermi   Rms_rho    Rms_pot   Mix  Alg  Alpha 
---------------------------------------------------------------------------------------
**       1  -0.914148  11.35940  0.64922  0.185E-02  0.695E-01  pot  B   0.1000
         2  -0.934673  13.14472  0.64217  0.140E-02  0.588E-01  pot  B   0.1000
         3  -0.936539  13.30229  0.64470  0.234E-03  0.501E-01  pot  B   0.1000
         4  -0.910087  12.90286  0.80715  0.671E-03  0.104E-01  pot  B   0.1000
         5  -0.845082  15.61950  0.33347  0.189E-02  0.287E-01  pot  B   0.1000
         6  13.296390 -48.36409  0.33847  0.543E-01  0.567E+00  pot  B   0.1000
         7  13.252714 -48.40501  0.34347  0.736E-04  0.565E+00  pot  B   0.1000
         8  13.593891 -48.51916  0.34847  0.537E-03  0.581E+00  pot  B   0.1000
         9  13.343232 -48.05803  0.35347  0.439E-03  0.572E+00  pot  B   0.1000
        10   0.619694  36.48966  0.39493  0.688E-01  0.182E+00  pot  B   0.1000
        11   8.300171 -21.52083  0.89357  0.540E-01  0.427E+00  pot  B   0.1000
        12   0.409160  35.67369  0.59346  0.529E-01  0.182E+00  pot  B   0.1000
        13  -0.464652  26.88839  0.66713  0.630E-02  0.986E-01  pot  B   0.1000
        14  -0.602469  24.56563  0.65115  0.151E-02  0.863E-01  pot  B   0.1000
        15  -0.732665  22.19679  0.64909  0.172E-02  0.659E-01  pot  B   0.1000
        16  -0.831021  18.25462  0.74469  0.239E-02  0.497E-01  pot  B   0.1000
        17  -0.917761  10.68481  0.76773  0.571E-02  0.152E-01  pot  B   0.1000
        18  -0.896248  15.13210  0.51882  0.336E-02  0.229E-01  pot  B   0.1000
        19  -0.716489  10.47565  0.77620  0.361E-02  0.753E-02  pot  B   0.1000
        20  -0.904597  14.55187  0.52911  0.314E-02  0.157E-01  pot  B   0.1000
        21   0.035024  -4.51912  0.69205  0.151E-01  0.132E+00  pot  B   0.1000
        22  -0.912501  10.48595  0.80461  0.126E-01  0.426E-02  pot  B   0.1000
        23  -0.888677   8.52798  0.78474  0.173E-02  0.250E-01  pot  B   0.1000
        24  -0.860174   7.70521  0.79652  0.714E-03  0.343E-01  pot  B   0.1000
        25  -0.843023   7.28318  0.79866  0.367E-03  0.393E-01  pot  B   0.1000
        26  -0.838066   7.17860  0.80057  0.954E-04  0.407E-01  pot  B   0.1000
        27  -0.847373   7.51157  0.80018  0.231E-03  0.389E-01  pot  B   0.1000
        28  -0.855002   7.83788  0.79895  0.210E-03  0.377E-01  pot  B   0.1000
        29  -0.881309   8.89580  0.73610  0.771E-03  0.299E-01  pot  B   0.1000
        30  -0.858185   9.66712  0.96232  0.588E-03  0.230E-01  pot  B   0.1000
        31  -0.934900   9.89196  0.83145  0.362E-03  0.175E-01  pot  B   0.1000
        32  -0.905018   9.88395  0.74672  0.194E-03  0.206E-01  pot  B   0.1000
        33  -0.934430  12.50658  0.74114  0.201E-02  0.192E-02  pot  B   0.1000
        34  -0.934159  12.94004  0.73733  0.369E-03  0.673E-02  pot  B   0.1000
        35  -0.933521  13.04221  0.72569  0.107E-03  0.838E-02  pot  B   0.1000
        36  -0.933100  13.07205  0.72781  0.529E-04  0.945E-02  pot  B   0.1000
        37  -0.934358  12.73403  0.73096  0.302E-03  0.515E-02  pot  B   0.1000
        38  -0.934245  12.81741  0.73346  0.612E-04  0.574E-02  pot  B   0.1000
        39  -0.934434  12.67760  0.73605  0.121E-03  0.403E-02  pot  B   0.1000
        40  -0.934472  12.61043  0.73761  0.592E-04  0.320E-02  pot  B   0.1000
        41  -0.934395  12.78355  0.73033  0.131E-03  0.458E-02  pot  B   0.1000
        42  -0.934562  12.62578  0.73331  0.144E-03  0.246E-02  pot  B   0.1000
        43  -0.934340  12.45855  0.73573  0.155E-03  0.207E-03  pot  B   0.1000
        44  -0.934270  12.42146  0.73761  0.302E-04  0.117E-03  pot  B   0.1000
        45  -0.934325  12.45361  0.74022  0.213E-04  0.118E-03  pot  B   0.1000
        46  -0.934285  12.44334  0.74010  0.645E-05  0.538E-04  pot  B   0.1000
        47  -0.934273  12.43735  0.74019  0.483E-05  0.760E-05  pot  B   0.1000
        48  -0.934276  12.43931  0.74015  0.133E-05  0.807E-05  pot  B   0.1000
        49  -0.934271  12.43692  0.74019  0.182E-05  0.111E-04  pot  B   0.1000
        50  -0.934276  12.43974  0.74015  0.209E-05  0.112E-04  pot  B   0.1000
        51  -0.934274  12.43840  0.74017  0.962E-06  0.909E-06  pot  B   0.1000
        52  -0.934274  12.43858  0.74017  0.119E-06  0.209E-05  pot  B   0.1000
        53  -0.934274  12.43845  0.74017  0.136E-06  0.556E-06  pot  B   0.1000
        54  -0.934274  12.43835  0.74017  0.678E-07  0.685E-07  pot  B   0.1000
        55  -0.934274  12.43838  0.74017  0.202E-07  0.160E-06  pot  B   0.1000
        56  -0.934274  12.43836  0.74017  0.184E-07  0.409E-07  pot  B   0.1000
        57  -0.934274  12.43836  0.74017  0.428E-08  0.154E-07  pot  B   0.1000
        58  -0.934274  12.43836  0.74017  0.372E-08  0.380E-07  pot  B   0.1000
