 icrys=  2 alat= 5.46131 ncmp=  1 nspn=  1
 at. # =     28
 conc  = 1.0000
   #              energy(ryd)  press(mbar)   rmsrh
  50              -3011.51916     0.01625   0.12E-10
  49              -3011.51916     0.01625   0.16E-10                            
  48              -3011.51916     0.01625   0.19E-10                            
  47              -3011.51916     0.01625   0.27E-10                            
  46              -3011.51916     0.01625   0.32E-10                            
  45              -3011.51916     0.01625   0.38E-10                            
  44              -3011.51916     0.01625   0.44E-10                            
  43              -3011.51916     0.01625   0.61E-10                            
  42              -3011.51916     0.01625   0.72E-10                            
  41              -3011.51916     0.01625   0.96E-10                            
  40              -3011.51916     0.01625   0.11E-09                            
  39              -3011.51916     0.01625   0.15E-09                            
  38              -3011.51916     0.01625   0.19E-09                            
  37              -3011.51916     0.01625   0.24E-09                            
  36              -3011.51916     0.01625   0.28E-09                            
  35              -3011.51916     0.01625   0.44E-09                            
  34              -3011.51916     0.01625   0.47E-09                            
  33              -3011.51916     0.01625   0.11E-08                            
  32              -3011.51916     0.01625   0.16E-08                            
  31              -3011.51916     0.01625   0.32E-08                            
  30              -3011.51916     0.01625   0.37E-08                            
  29              -3011.51916     0.01625   0.83E-08                            
  28              -3011.51916     0.01625   0.23E-07                            
  27              -3011.51916     0.01625   0.58E-07                            
  26              -3011.51916     0.01625   0.65E-07                            
  25              -3011.51916     0.01625   0.18E-06                            
  24              -3011.51916     0.01625   0.26E-06                            
  23              -3011.51916     0.01624   0.66E-06                            
  22              -3011.51916     0.01624   0.80E-06                            
  21              -3011.51916     0.01625   0.12E-05                            
  20              -3011.51916     0.01627   0.33E-05                            
  19              -3011.51916     0.01602   0.57E-05                            
  18              -3011.51916     0.01572   0.98E-05                            
  17              -3011.51912     0.01228   0.28E-03                            
  16              -3011.51919     0.01364   0.40E-03                            
  15              -3011.51927     0.01591   0.55E-03                            
  14              -3011.51925     0.01509   0.66E-03                            
  13              -3011.51928    -0.00801   0.81E-03                            
  12              -3011.51957    -0.03147   0.16E-02                            
  11              -3011.51968     0.03769   0.16E-02                            
  10              -3011.51970     0.08601   0.21E-02                            
   9              -3011.52123    -0.16181   0.75E-02                            
   8              -3011.52893     0.09943   0.33E-02                            
   7              -3011.49931     1.82708   0.57E-01                            
   6              -3011.52187    -0.76554   0.33E-01                            
   5              -3011.55103    -1.53154   0.45E-01                            
   4              -3011.50675     2.52614   0.12E+00                            
   3              -3011.61374    -0.04153   0.15E+00                            
   2              -3011.44479     5.37857   0.15E+00                            
   1              -3011.06231    11.46941   0.20E+00                            
